# ardroneB bottom camera calibration parameters
# yaml file auto-generated by : ardrone_bottom_20151120.yaml
# yaml file auto-generated on : 2015 11 20
#### TAB CANNOT BE USED #####

image_width: 640
image_height: 360
Cx: 308.4884717076573679
Cy: 174.7357820768368413

camera_name: ardrone_bottom

camera_matrix:
  rows: 3
  cols: 3
  data: [687.5764969956761661, 0.0000000000000000, 308.4884717076573679, 0.0000000000000000, 687.8788229153345810, 174.7357820768368413, 0.0000000000000000, 0.0000000000000000, 1.0000000000000000]

distortion_model: plumb_bob
distortion_coefficients:
  rows: 1
  cols: 5
  data: [0.1446136660008401, -0.5618994060419430, -0.0025213856938909, 0.0013399789363603, 0.0000000000000000]

rectification_matrix:
  rows: 3
  cols: 3
  data: [1.0000000000000000, 0.0000000000000000, 0.0000000000000000, 0.0000000000000000, 1.0000000000000000, 0.0000000000000000, 0.0000000000000000, 0.0000000000000000, 1.0000000000000000]

projection_matrix:
  rows: 3
  cols: 4
  data: [689.9885864257812500, 0.0000000000000000, 308.1187501446747774, 0.0000000000000000, 0.0000000000000000, 692.7104492187500000, 173.7976043287198991, 0.0000000000000000, 0.0000000000000000, 0.0000000000000000, 1.0000000000000000, 0.0000000000000000]

